0 0.548372 0.134973 0.025862 0.025137
0 0.626916 0.171585 0.029693 0.026230
0 0.670498 0.189071 0.040230 0.037158
0 0.711207 0.208743 0.043103 0.043716
0 0.743774 0.161749 0.043103 0.039344
0 0.775862 0.046995 0.045977 0.045902
0 0.886494 0.156831 0.048851 0.042623
0 0.578065 0.283060 0.075670 0.059016
0 0.789272 0.369945 0.059387 0.049180
0 0.731801 0.472131 0.061303 0.052459
0 0.708812 0.518033 0.059387 0.052459
0 0.685345 0.563934 0.060345 0.052459
0 0.656130 0.612022 0.040230 0.028415
0 0.405651 0.528415 0.079502 0.073224
0 0.338123 0.634973 0.099617 0.100546
0 0.262931 0.751366 0.112069 0.116940
0 0.234674 0.820219 0.055556 0.060109
0 0.178640 0.883060 0.121648 0.131148