0 0.696839 0.089071 0.037356 0.036066
0 0.906130 0.010929 0.030651 0.019672
0 0.891762 0.033880 0.049808 0.037158
0 0.880268 0.066667 0.028736 0.028415
0 0.842912 0.085246 0.044061 0.032787
0 0.814655 0.127869 0.033525 0.028415
0 0.792625 0.154098 0.037356 0.030601
0 0.750958 0.166667 0.034483 0.029508
0 0.704981 0.190710 0.051724 0.042623
0 0.694444 0.365574 0.067050 0.046995
0 0.569923 0.538798 0.061303 0.059016
0 0.461207 0.654098 0.054598 0.068852
0 0.392241 0.722951 0.075670 0.084153
0 0.291188 0.743169 0.065134 0.074317
0 0.254310 0.800000 0.064176 0.065574
0 0.352011 0.806557 0.048851 0.054645