1 0.196744 0.100217 0.053023 0.055255
1 0.188837 0.170098 0.057674 0.065005
1 0.257674 0.042795 0.055814 0.057421
1 0.255814 0.101842 0.057674 0.052004
1 0.251628 0.167931 0.062326 0.065005
1 0.091628 0.352113 0.118140 0.136511
1 0.228372 0.359155 0.114419 0.135428
1 0.077209 0.516251 0.120930 0.139762
1 0.216744 0.520585 0.124651 0.133261
1 0.453023 0.367281 0.117209 0.127844
1 0.446977 0.531961 0.116279 0.136511
1 0.456279 0.053629 0.075349 0.087757
1 0.453023 0.167389 0.078140 0.096425
1 0.550698 0.054171 0.078140 0.082340
1 0.549302 0.172264 0.080930 0.095341
1 0.640465 0.172806 0.080930 0.094258
1 0.641860 0.059047 0.078140 0.089924
1 0.734419 0.060130 0.079070 0.094258
1 0.734419 0.173889 0.079070 0.089924