1 0.301860 0.221018 0.127442 0.138678
1 0.454884 0.213434 0.122791 0.143012
1 0.299070 0.391658 0.134884 0.154930
1 0.455349 0.379198 0.067907 0.084507
1 0.353488 0.628927 0.080000 0.096425
1 0.349302 0.747562 0.079070 0.095341
1 0.439535 0.625677 0.075349 0.098592
1 0.525581 0.620802 0.078140 0.099675
1 0.610233 0.617551 0.076279 0.099675
1 0.438140 0.743770 0.083721 0.100758
1 0.526512 0.739437 0.087442 0.105092
1 0.613023 0.732936 0.081860 0.102925
1 0.710698 0.562839 0.104186 0.133261
1 0.722326 0.709642 0.110698 0.130011
1 0.830698 0.563922 0.106047 0.131094
1 0.846512 0.708017 0.106047 0.133261
1 0.676744 0.203142 0.090233 0.098592
1 0.784651 0.204767 0.086512 0.095341
1 0.892558 0.204767 0.086512 0.099675
1 0.682791 0.323944 0.093023 0.104009
1 0.795349 0.323402 0.096744 0.105092
1 0.902326 0.322860 0.089302 0.104009