1 0.474884 0.280607 0.101395 0.123510
1 0.467442 0.414410 0.103256 0.124594
1 0.465116 0.556880 0.104186 0.123510
1 0.463256 0.693933 0.100465 0.131094
1 0.589767 0.275731 0.100465 0.126761
1 0.588372 0.414410 0.103256 0.128927
1 0.581860 0.549837 0.103256 0.126761
1 0.580930 0.691224 0.105116 0.130011
1 0.785581 0.271398 0.090233 0.102925
1 0.787907 0.379198 0.083721 0.097508
1 0.781395 0.492416 0.081860 0.102925
1 0.780465 0.604550 0.083721 0.101842
1 0.778140 0.716143 0.080930 0.104009
1 0.881395 0.270314 0.080930 0.107259
1 0.877674 0.384074 0.084651 0.107259
1 0.880000 0.492416 0.089302 0.102925
1 0.874419 0.604550 0.083721 0.101842
1 0.874884 0.715060 0.090233 0.108342