1 0.097876 0.130011 0.108957 0.114843
1 0.085411 0.269772 0.104340 0.114843
1 0.067405 0.410076 0.112650 0.126761
1 0.057710 0.572048 0.115420 0.132178
1 0.194829 0.568256 0.108957 0.126761
1 0.204524 0.418202 0.106187 0.130011
1 0.215605 0.273023 0.104340 0.121343
1 0.222530 0.130553 0.103416 0.120260
1 0.425669 0.133803 0.120037 0.133261
1 0.421976 0.290899 0.125577 0.141928
1 0.418283 0.459913 0.127424 0.150596
1 0.410434 0.641387 0.133887 0.156013
1 0.568329 0.635970 0.128347 0.162514
1 0.568329 0.459913 0.122807 0.148429
1 0.569714 0.293608 0.129271 0.143012
1 0.570175 0.135428 0.119114 0.136511