1 0.146047 0.116468 0.132093 0.135428
1 0.290698 0.117551 0.127442 0.137595
1 0.146512 0.294150 0.121860 0.141928
1 0.296744 0.294150 0.128372 0.135428
1 0.153488 0.484832 0.113488 0.126761
1 0.305116 0.472914 0.122791 0.135428
1 0.167442 0.744854 0.133953 0.141928
1 0.326977 0.781148 0.105116 0.108342
1 0.329767 0.929577 0.105116 0.104009
1 0.603256 0.141387 0.116279 0.124594
1 0.607907 0.321235 0.120000 0.126761
1 0.799535 0.124594 0.201860 0.214518
1 0.807442 0.401408 0.195349 0.213434
1 0.601395 0.743770 0.080930 0.081257
1 0.673488 0.737811 0.074419 0.082340
1 0.746512 0.737811 0.077209 0.080173
1 0.601860 0.829361 0.081860 0.083424
1 0.677209 0.824485 0.070698 0.078007
1 0.749767 0.819068 0.061395 0.069339